300.0  2.47305000
300.5  2.29390000
301.0  2.11530000
301.5  2.11340000
302.0  1.93415000
302.5  2.02000000
303.0  2.10640000
303.5  2.54620000
304.0  2.80865000
304.5  3.16010000
305.0  3.15815000
305.5  3.15560000
306.0  3.15305000
306.5  3.32780000
307.0  3.67925000
307.5  4.38340000
308.0  6.85480000
308.5 10.20960000
309.0 14.09440000
309.5 26.63585000
310.0 34.58400000
310.5 43.23940000
311.0 51.36420000
311.5 58.95900000
312.0 59.48705000
312.5 59.30785000
313.0 58.42260000
313.5 57.00735000
314.0 53.47150000
314.5 48.16890000
315.0 43.92635000
315.5 37.21050000
316.0 32.26130000
316.5 26.60535000
317.0 19.09450000
317.5 13.96860000
318.0  7.87105000
318.5  5.92515000
319.0  4.68590000
319.5  4.33005000
320.0  4.32820000
320.5  4.14960000
321.0  3.97040000
321.5  3.61450000
322.0  3.43590000
322.5  3.43405000
323.0  3.51980000
323.5  3.87060000
324.0  4.31040000
324.5  5.36850000
325.0  7.39765000
325.5  8.72070000
326.0 11.01550000
326.5 13.30960000
327.0 13.66110000
327.5 12.15750000
328.0  9.23995000
328.5  7.64740000
329.0  6.49650000
329.5  6.22960000
330.0  5.87440000
330.5  9.14015000
331.0 15.41000000
331.5 27.06870000
332.0 42.51200000
332.5 58.33760000
333.0 71.23300000
333.5 80.94840000
334.0 97.81825000
334.5 99.67070000
335.0 99.84550000
335.5 99.75525000
336.0 96.30765000
336.5 86.47003000
337.0 59.73056000
337.5 37.23113000
338.0 18.03010000
338.5 10.87255000
339.0  9.10335000
339.5  8.39415000
340.0  8.30390000
340.5  7.68365000
341.0  7.59280000
341.5  7.85530000
342.0  8.29500000
342.5  8.29310000
343.0  8.82055000
343.5  9.25970000
344.0  9.34610000
344.5  9.34425000
345.0  9.34170000
345.5  9.51650000
346.0  9.86785000
346.5 10.39535000
347.0 11.36445000
347.5 11.80420000
348.0 11.89070000
348.5 12.68380000
349.0 23.01690000
349.5 32.82000000
350.0 39.70880000
350.5 45.18420000
351.0 57.10730000
351.5 57.10475000
352.0 57.45555000
352.5 58.07200000
353.0 60.01340000
353.5 64.42755000
354.0 69.54900000
354.5 70.25380000
355.0 70.78190000
355.5 70.25000000
356.0 68.83411000
356.5 61.85325000
357.0 52.63390000
357.5 36.31845000
358.0 29.16090000
358.5 22.26830000
359.0 15.90580000
359.5 11.92820000
360.0  8.39235000
360.5  7.32980000
361.0  6.79720000
361.5  6.61870000
362.0  6.70510000
362.5  7.32090000
363.0  7.49570000
363.5  7.49375000
364.0  7.22620000
364.5  7.04700000
365.0  6.78010000
365.5  6.86650000
366.0  7.83565000
366.5  9.07040000
367.0 11.36520000
367.5 13.12930000
368.0 14.18740000
368.5 14.89220000
369.0 14.44800000
369.5 14.35710000
370.0 14.88520000
370.5 15.94330000
371.0 19.73910000
371.5 22.65220000
372.0 25.65370000
372.5 27.24180000
373.0 28.29985000
373.5 26.97230000
374.0 23.87810000
374.5 20.78390000
375.0 19.10300000
375.5 18.39440000
376.0 19.71755000
376.5 21.57060000
377.0 28.72375000
377.5 33.49185000
378.0 37.72995000
378.5 38.96410000
379.0 39.04990000
379.5 38.51800000
380.0 36.66105000
380.5 33.30185000
381.0 26.93930000
381.5 18.72175000
382.0 11.29853000
382.5  6.70270000
383.0  5.19905000
383.5  6.16820000
384.0  9.52300000
384.5 13.31940000
385.0 17.64590000
385.5 29.21570000
386.0 35.66210000
386.5 39.72420000
387.0 46.34730000
387.5 51.20370000
388.0 53.32190000
388.5 54.02660000
389.0 54.37805000
389.5 54.19880000
390.0 53.04795000
390.5 49.60040000
391.0 41.29455000
391.5 30.60360000
392.0 20.02987000
392.5 11.16390000
393.0  8.24690000
393.5  8.95170000
394.0 11.68750000
394.5 14.07060000
395.0 15.04040000
395.5 15.03785000
396.0 13.97530000
396.5 11.94170000
397.0 11.05650000
397.5  9.46395000
398.0  7.78305000
398.5  7.07385000
399.0  6.98360000
399.5  7.51170000
400.0 10.15915000